0.73908513321516
5.283662185463227 -5.0
4.787602152887977 -4.75
4.289204200569221 -4.5
3.803912510086207 -4.25
3.346356379136388 -4.0
2.929440642660439 -3.75
2.5635433127092035 -3.5
2.2558703239194537 -3.25
2.010007503399555 -3.0
1.8256976213675364 -2.75
1.6988563844530664 -2.5
1.621826377277261 -2.25
1.5838531634528576 -2.0
1.571753944350508 -1.75
1.5707372016677028 -1.5
1.5653223623952686 -1.25
1.5403023058681398 -1.0
1.481688868873821 -0.75
1.3775825618903728 -0.5
1.2189124217106446 -0.25
1.0 0.0
0.7189124217106447 0.25
0.37758256189037276 0.5
-0.018311131126179103 0.75
-0.45969769413186023 1.0
-0.9346776376047313 1.25
-1.4292627983322972 1.5
-1.928246055649492 1.75
-2.4161468365471426 2.0
-2.878173622722739 2.25
-3.3011436155469336 2.5
-3.6743023786324636 2.75
-3.989992496600445 3.0
-4.244129676080546 3.25
-4.4364566872907965 3.5
-4.570559357339561 3.75
-4.653643620863612 4.0
-4.6960874899137925 4.25
-4.710795799430779 4.5
-4.712397847112023 4.75
-4.716337814536773 5.0
